mtime,edges
1684218063, 804
1684218127, 840
1684218127, 840
1684218127, 840
1684218127, 840
1684218127, 840
1684218127, 864
1684218127, 864
1684218127, 874
1684218127, 881
1684218127, 888
1684218127, 901
1684218127, 902
1684218127, 904
1684218127, 904
1684218127, 904
1684218127, 904
1684218127, 904
1684218127, 904
1684218127, 911
1684218127, 911
1684218127, 911
1684218127, 911
1684218127, 920
1684218127, 922
1684218127, 924
1684218127, 924
1684218127, 927
1684218127, 927
1684218127, 927
1684218127, 927
1684218127, 927
1684218127, 930
1684218127, 930
1684218127, 930
1684218127, 940
1684218127, 940
1684218127, 940
1684218127, 940
1684218127, 940
1684218127, 940
1684218127, 941
1684218128, 941
1684218128, 942
1684218128, 978
1684218128, 978
1684218128, 981
1684218128, 981
1684218128, 982
1684218128, 982
1684218128, 986
1684218128, 986
1684218128, 1093
1684218128, 1093
1684218128, 1102
1684218128, 1102
1684218128, 1102
1684218128, 1102
1684218128, 1104
1684218128, 1137
1684218128, 1139
1684218128, 1143
1684218128, 1145
1684218128, 1158
1684218128, 1161
1684218129, 1184
1684218129, 1185
1684218129, 1185
1684218129, 1186
1684218129, 1200
1684218129, 1200
1684218129, 1200
1684218129, 1200
1684218129, 1200
1684218129, 1200
1684218129, 1203
1684218129, 1203
1684218129, 1213
1684218129, 1217
1684218129, 1218
1684218130, 1222
1684218130, 1222
1684218130, 1222
1684218130, 1230
1684218130, 1230
1684218131, 1264
1684218131, 1264
1684218131, 1270
1684218131, 1270
1684218131, 1270
1684218131, 1270
1684218132, 1278
1684218132, 1280
1684218132, 1281
1684218132, 1282
1684218133, 1282
1684218133, 1282
1684218133, 1282
1684218133, 1282
1684218133, 1284
1684218133, 1284
1684218133, 1284
1684218133, 1284
1684218133, 1284
1684218133, 1284
1684218133, 1295
1684218133, 1298
1684218134, 1298
1684218134, 1298
1684218134, 1298
1684218134, 1298
1684218134, 1299
1684218134, 1299
1684218134, 1300
1684218134, 1303
1684218134, 1303
1684218134, 1303
1684218135, 1303
1684218135, 1328
1684218136, 1331
1684218136, 1335
1684218136, 1335
1684218136, 1337
1684218137, 1337
1684218137, 1349
1684218137, 1354
1684218137, 1361
1684218137, 1361
1684218138, 1382
1684218138, 1382
1684218138, 1382
1684218139, 1382
1684218139, 1386
1684218139, 1386
1684218139, 1386
1684218139, 1388
1684218140, 1393
1684218142, 1394
1684218143, 1395
1684218143, 1399
1684218145, 1408
1684218146, 1408
1684218146, 1410
1684218146, 1412
1684218147, 1412
1684218147, 1413
1684218148, 1416
1684218149, 1416
1684218150, 1418
1684218152, 1422
1684218154, 1424
1684218156, 1424
1684218158, 1425
1684218158, 1425
1684218159, 1425
1684218162, 1425
1684218163, 1434
1684218163, 1434
1684218164, 1435
1684218164, 1436
1684218171, 1451
1684218173, 1451
1684218173, 1451
1684218174, 1451
1684218179, 1455
1684218179, 1457
1684218179, 1457
1684218179, 1457
1684218179, 1457
1684218180, 1457
1684218180, 1457
1684218180, 1457
1684218180, 1457
1684218180, 1457
1684218180, 1457
1684218181, 1457
1684218181, 1457
1684218189, 1467
1684218199, 1490
1684218204, 1506
1684218207, 1507
1684218209, 1507
1684218212, 1509
1684218215, 1513
1684218216, 1516
1684218217, 1516
1684218217, 1516
1684218217, 1516
1684218217, 1516
1684218217, 1517
1684218219, 1521
1684218221, 1527
1684218221, 1535
1684218222, 1542
1684218225, 1542
1684218236, 1560
1684218239, 1563
1684218240, 1570
1684218248, 1577
1684218249, 1577
1684218249, 1577
1684218249, 1577
1684218249, 1577
1684218249, 1577
1684218249, 1577
1684218249, 1577
1684218250, 1577
1684218250, 1577
1684218250, 1577
1684218250, 1577
1684218250, 1577
1684218251, 1577
1684218251, 1577
1684218251, 1577
1684218253, 1588
1684218253, 1588
1684218253, 1588
1684218254, 1589
1684218254, 1589
1684218254, 1589
1684218254, 1589
1684218254, 1589
1684218254, 1589
1684218254, 1590
1684218254, 1590
1684218254, 1590
1684218254, 1590
1684218255, 1590
1684218256, 1590
1684218257, 1590
1684218257, 1592
1684218258, 1597
1684218258, 1603
1684218259, 1603
1684218263, 1609
1684218264, 1609
1684218266, 1615
1684218269, 1615
1684218272, 1615
1684218274, 1623
1684218275, 1623
1684218276, 1624
1684218291, 1634
1684218293, 1634
1684218293, 1634
1684218293, 1635
1684218294, 1636
1684218295, 1645
1684218296, 1647
1684218300, 1656
1684218305, 1661
1684218306, 1661
1684218310, 1661
1684218311, 1661
1684218311, 1672
1684218311, 1675
1684218314, 1686
1684218318, 1699
1684218319, 1700
1684218324, 1704
1684218325, 1706
1684218326, 1708
1684218327, 1711
1684218333, 1717
1684218335, 1720
1684218337, 1720
1684218337, 1720
1684218338, 1720
1684218338, 1720
1684218340, 1720
1684218342, 1720
1684218343, 1720
1684218343, 1720
1684218345, 1720
1684218346, 1720
1684218346, 1720
1684218351, 1732
1684218352, 1732
1684218365, 1744
1684218366, 1747
1684218367, 1750
1684218368, 1751
1684218369, 1760
1684218376, 1767
1684218377, 1767
1684218380, 1767
1684218382, 1767
1684218382, 1767
1684218383, 1769
1684218384, 1773
1684218386, 1775
1684218386, 1775
1684218387, 1776
1684218388, 1776
1684218388, 1779
1684218388, 1782
1684218388, 1782
1684218393, 1783
1684218395, 1786
1684218398, 1797
1684218398, 1797
1684218400, 1797
1684218411, 1803
1684218412, 1803
1684218413, 1804
1684218414, 1821
1684218415, 1823
1684218415, 1823
1684218417, 1828
1684218419, 1828
1684218420, 1828
1684218421, 1833
1684218427, 1837
1684218428, 1838
1684218433, 1843
1684218434, 1846
1684218438, 1850
1684218438, 1850
1684218439, 1850
1684218446, 1854
1684218447, 1854
1684218451, 1855
1684218455, 1856
1684218460, 1858
1684218462, 1861
1684218464, 1861
1684218471, 1877
1684218471, 1881
1684218482, 1891
1684218482, 1892
1684218482, 1892
1684218498, 1899
1684218504, 1907
1684218512, 1908
1684218516, 1915
1684218516, 1915
1684218516, 1915
1684218517, 1915
1684218518, 1916
1684218518, 1916
1684218522, 1918
1684218522, 1918
1684218522, 1918
1684218522, 1918
1684218523, 1918
1684218525, 1918
1684218526, 1918
1684218526, 1918
1684218527, 1918
1684218528, 1918
1684218529, 1918
1684218530, 1918
1684218530, 1918
1684218537, 1918
1684218537, 1918
1684218537, 1918
1684218557, 1925
1684218557, 1925
1684218557, 1927
1684218558, 1928
1684218559, 1928
1684218559, 1928
1684218563, 1929
1684218563, 1929
1684218565, 1930
1684218566, 1930
1684218566, 1930
1684218567, 1930
1684218567, 1930
1684218567, 1930
1684218567, 1930
1684218567, 1930
1684218567, 1930
1684218567, 1930
1684218568, 1930
1684218568, 1930
1684218568, 1930
1684218568, 1930
1684218568, 1930
1684218569, 1930
1684218570, 1932
1684218573, 1933
1684218573, 1933
1684218573, 1933
1684218573, 1933
1684218574, 1933
1684218575, 1933
1684218575, 1933
1684218575, 1933
1684218576, 1933
1684218576, 1933
1684218577, 1933
1684218577, 1933
1684218580, 1933
1684218588, 1933
1684218589, 1933
1684218597, 1934
1684218597, 1934
1684218598, 1934
1684218599, 1937
1684218608, 1940
1684218621, 1946
1684218621, 1946
1684218622, 1951
1684218636, 1955
1684218636, 1955
1684218637, 1955
1684218659, 1965
1684218671, 1966
1684218677, 1966
1684218677, 1966
1684218677, 1966
1684218678, 1966
1684218678, 1966
1684218678, 1966
1684218679, 1966
1684218679, 1966
1684218680, 1966
1684218681, 1966
1684218684, 1966
1684218685, 1966
1684218686, 1966
1684218691, 1966
1684218692, 1966
1684218697, 1972
1684218699, 1974
1684218700, 1974
1684218700, 1974
1684218704, 1974
1684218705, 1974
1684218706, 1974
1684218706, 1974
1684218707, 1974
1684218708, 1974
1684218711, 1980
1684218723, 1984
1684218724, 1984
1684218730, 1991
1684218736, 1999
1684218736, 2004
1684218737, 2006
1684218746, 2010
1684218749, 2011
1684218751, 2012
1684218752, 2012
1684218753, 2012
1684218753, 2012
1684218754, 2012
1684218755, 2013
1684218756, 2014
1684218756, 2015
1684218756, 2016
1684218758, 2023
1684218758, 2024
1684218759, 2030
1684218759, 2030
1684218759, 2031
1684218760, 2031
1684218760, 2032
1684218763, 2035
1684218765, 2035
1684218765, 2036
1684218768, 2036
1684218770, 2036
1684218786, 2039
1684218787, 2039
1684218787, 2039
1684218787, 2039
1684218790, 2039
1684218794, 2040
1684218794, 2040
1684218794, 2041
1684218795, 2041
1684218795, 2041
1684218809, 2046
1684218809, 2046
1684218810, 2050
1684218810, 2051
1684218811, 2052
1684218811, 2054
1684218811, 2054
1684218812, 2054
1684218812, 2054
1684218812, 2055
1684218813, 2056
1684218818, 2061
1684218818, 2063
1684218818, 2064
1684218821, 2066
1684218821, 2066
1684218822, 2066
1684218824, 2069
1684218836, 2073
1684218837, 2075
1684218839, 2082
1684218849, 2082
1684218851, 2082
1684218852, 2085
1684218854, 2087
1684218855, 2089
1684218856, 2089
1684218858, 2089
1684218858, 2089
1684218858, 2089
1684218860, 2089
1684218861, 2089
1684218866, 2089
1684218868, 2089
1684218869, 2103
1684218873, 2103
1684218873, 2103
1684218875, 2104
1684218890, 2108
1684218891, 2108
1684218894, 2108
1684218895, 2109
1684218895, 2110
1684218895, 2113
1684218895, 2114
1684218896, 2114
1684218896, 2116
1684218897, 2116
1684218899, 2117
1684218899, 2117
1684218900, 2117
1684218905, 2120
1684218910, 2120
1684218910, 2120
1684218910, 2121
1684218911, 2121
1684218912, 2123
1684218912, 2123
1684218913, 2124
1684218914, 2124
1684218915, 2127
1684218919, 2128
1684218924, 2128
1684218924, 2128
1684218925, 2129
1684218926, 2130
1684218926, 2130
1684218930, 2130
1684218934, 2134
1684218935, 2134
1684218937, 2137
1684218937, 2137
1684218938, 2139
1684218938, 2141
1684218938, 2142
1684218940, 2142
1684218942, 2144
1684218943, 2145
1684218944, 2149
1684218944, 2149
1684218946, 2149
1684218948, 2149
1684218953, 2201
1684218954, 2201
1684218956, 2202
1684218961, 2210
1684218980, 2215
1684218989, 2215
1684218994, 2215
1684218997, 2216
1684219000, 2217
1684219002, 2221
1684219002, 2222
1684219009, 2224
1684219011, 2224
1684219020, 2230
1684219025, 2234
1684219033, 2239
1684219034, 2239
1684219035, 2239
1684219036, 2240
1684219041, 2240
1684219047, 2241
1684219048, 2241
1684219051, 2241
1684219057, 2242
1684219060, 2243
1684219062, 2245
1684219064, 2248
1684219065, 2248
1684219071, 2248
1684219086, 2250
1684219089, 2252
1684219100, 2254
1684219106, 2254
1684219106, 2254
1684219113, 2254
1684219113, 2254
1684219117, 2254
1684219117, 2254
1684219117, 2254
1684219117, 2254
1684219127, 2255
1684219130, 2255
1684219133, 2255
1684219136, 2255
1684219144, 2255
1684219146, 2255
1684219149, 2255
1684219167, 2266
1684219175, 2266
1684219179, 2266
1684219179, 2266
1684219181, 2266
1684219185, 2267
1684219191, 2270
1684219192, 2270
1684219211, 2271
1684219212, 2272
1684219212, 2272
1684219213, 2272
1684219213, 2272
1684219216, 2272
1684219219, 2272
1684219222, 2272
1684219230, 2272
1684219235, 2272
1684219237, 2272
1684219241, 2272
1684219259, 2274
1684219261, 2274
1684219285, 2275
1684219285, 2275
1684219285, 2275
1684219304, 2275
1684219314, 2281
1684219319, 2282
1684219324, 2282
1684219329, 2282
1684219331, 2282
1684219334, 2282
1684219354, 2285
1684219354, 2285
1684219354, 2285
1684219356, 2285
1684219360, 2285
1684219361, 2285
1684219365, 2285
1684219372, 2285
1684219376, 2285
1684219376, 2285
1684219376, 2285
1684219379, 2285
1684219379, 2285
1684219381, 2285
1684219386, 2285
1684219401, 2287
1684219403, 2288
1684219406, 2288
1684219406, 2288
1684219454, 2294
1684219454, 2294
1684219454, 2294
1684219455, 2294
1684219460, 2294
1684219460, 2294
1684219484, 2294
1684219486, 2295
1684219486, 2295
1684219496, 2296
1684219519, 2296
1684219519, 2296
1684219527, 2297
1684219531, 2297
1684219532, 2297
1684219537, 2300
1684219537, 2300
1684219539, 2301
1684219552, 2301
1684219553, 2302
1684219553, 2302
1684219553, 2302
1684219554, 2302
1684219554, 2304
1684219554, 2305
1684219556, 2307
1684219556, 2307
1684219557, 2308
1684219558, 2310
1684219558, 2310
1684219562, 2311
1684219567, 2311
1684219569, 2314
1684219569, 2314
1684219582, 2315
1684219586, 2317
1684219586, 2317
1684219586, 2319
1684219587, 2319
1684219587, 2319
1684219587, 2319
1684219587, 2319
1684219588, 2319
1684219589, 2320
1684219589, 2320
1684219590, 2320
1684219590, 2320
1684219594, 2321
1684219610, 2322
1684219614, 2323
1684219614, 2323
1684219628, 2324
1684219629, 2324
1684219629, 2324
1684219633, 2324
1684219637, 2324
1684219637, 2324
1684219639, 2331
1684219640, 2331
1684219653, 2331
1684219657, 2334
1684219658, 2334
1684219660, 2334
1684219669, 2335
1684219710, 2335
1684219719, 2335
1684219723, 2335
1684219725, 2336
1684219725, 2337
1684219725, 2337
1684219726, 2338
1684219727, 2338
1684219727, 2339
1684219728, 2339
1684219729, 2339
1684219730, 2339
1684219731, 2339
1684219731, 2339
1684219733, 2339
1684219735, 2340
1684219737, 2340
1684219738, 2340
1684219740, 2340
1684219754, 2340
1684219755, 2340
1684219762, 2340
1684219769, 2340
1684219773, 2340
1684219785, 2340
1684219787, 2340
1684219793, 2340
1684219799, 2340
1684219825, 2341
1684219855, 2342
1684219863, 2342
1684219869, 2342
1684219869, 2342
1684219877, 2342
1684219883, 2342
1684219884, 2342
1684219900, 2342
1684219923, 2342
1684219940, 2342
1684219951, 2342
1684219960, 2343
1684219985, 2343
1684219988, 2343
1684219991, 2344
1684220022, 2344
1684220080, 2346
1684220081, 2346
1684220096, 2346
1684220097, 2346
1684220103, 2348
1684220119, 2348
1684220157, 2351
1684220208, 2356
1684220209, 2356
1684220223, 2356
1684220223, 2356
1684220254, 2356
1684220254, 2356
1684220257, 2356
1684220258, 2356
1684220260, 2356
1684220264, 2356
1684220275, 2357
1684220290, 2357
1684220307, 2357
1684220335, 2357
1684220348, 2357
1684220349, 2357
1684220350, 2357
1684220358, 2360
1684220359, 2360
1684220373, 2362
1684220373, 2362
1684220407, 2365
1684220411, 2365
1684220411, 2365
1684220417, 2365
1684220430, 2365
1684220462, 2365
1684220469, 2365
1684220485, 2365
1684220485, 2365
1684220485, 2365
1684220501, 2365
1684220504, 2365
1684220505, 2365
1684220510, 2365
1684220535, 2365
1684220560, 2365
1684220562, 2365
1684220564, 2365
1684220588, 2365
1684220606, 2365
1684220626, 2365
1684220633, 2365
1684220633, 2366
1684220633, 2366
1684220634, 2366
1684220635, 2366
1684220639, 2366
1684220646, 2366
1684220651, 2366
1684220652, 2366
1684220731, 2366
1684220734, 2366
1684220750, 2366
1684220766, 2366
1684220784, 2366
1684220798, 2366
1684220798, 2366
1684220798, 2366
1684220802, 2366
1684220808, 2366
1684220831, 2366
1684220832, 2366
1684220832, 2366
1684220832, 2366
1684220832, 2366
1684220834, 2366
1684220834, 2366
1684220835, 2366
1684220837, 2366
1684220852, 2366
1684220852, 2366
1684220895, 2366
1684220912, 2367
1684220930, 2368
1684220930, 2368
1684220941, 2368
1684220941, 2368
1684221028, 2374
1684221037, 2374
1684221049, 2374
1684221049, 2374
1684221055, 2374
1684221066, 2374
1684221069, 2374
1684221112, 2379
1684221118, 2379
1684221119, 2380
1684221131, 2391
1684221135, 2391
1684221142, 2391
1684221143, 2391
1684221157, 2394
1684221181, 2397
1684221197, 2400
1684221205, 2400
1684221211, 2400
1684221211, 2400
1684221214, 2400
1684221217, 2400
1684221220, 2400
1684221229, 2400
1684221230, 2400
1684221240, 2400
1684221244, 2400
1684221246, 2400
1684221246, 2400
1684221246, 2400
1684221248, 2400
1684221253, 2400
1684221268, 2400
1684221269, 2400
1684221273, 2400
1684221301, 2406
1684221329, 2406
1684221349, 2406
1684221363, 2406
1684221378, 2406
1684221404, 2407
1684221424, 2407
1684221443, 2407
1684221467, 2407
1684221477, 2407
1684221477, 2407
1684221477, 2407
1684221478, 2407
1684221479, 2407
1684221479, 2407
1684221480, 2407
1684221481, 2407
1684221482, 2407
1684221482, 2407
1684221488, 2407
1684221494, 2407
1684221499, 2407
1684221501, 2407
1684221502, 2407
1684221502, 2407
1684221502, 2407
1684221502, 2407
1684221503, 2407
1684221503, 2407
1684221503, 2407
1684221507, 2407
1684221508, 2407
1684221515, 2407
1684221525, 2407
1684221529, 2407
1684221530, 2407
1684221556, 2407
1684221557, 2407
1684221557, 2407
1684221559, 2407
1684221561, 2407
1684221564, 2407
1684221564, 2407
1684221572, 2407
1684221579, 2407
1684221581, 2407
1684221621, 2407
1684221626, 2407
1684221626, 2407
1684221626, 2407
1684221627, 2407
1684221641, 2407
1684221647, 2407
1684221663, 2407
1684221677, 2407
1684221692, 2407
1684221702, 2408
1684221706, 2408
1684221706, 2408
1684221710, 2408
1684221805, 2409
1684221810, 2409
1684221819, 2409
1684221821, 2409
1684221828, 2409
1684221893, 2409
1684221902, 2411
1684221913, 2411
1684221914, 2411
1684221920, 2411
1684221920, 2411
1684221938, 2411
1684221942, 2411
1684221943, 2411
1684221952, 2411
1684221991, 2415
1684221996, 2418
1684222005, 2421
1684222011, 2424
1684222044, 2425
1684222053, 2427
1684222088, 2427
1684222091, 2433
1684222101, 2433
1684222102, 2433
1684222105, 2433
1684222128, 2433
1684222162, 2433
1684222166, 2433
1684222179, 2433
1684222210, 2433
1684222220, 2433
1684222221, 2433
1684222230, 2436
1684222231, 2436
1684222232, 2436
1684222236, 2436
1684222244, 2436
1684222248, 2437
1684222253, 2442
1684222255, 2442
1684222256, 2442
1684222262, 2442
1684222264, 2442
1684222272, 2443
1684222276, 2443
1684222288, 2443
1684222320, 2443
1684222334, 2443
1684222334, 2443
1684222335, 2443
1684222337, 2443
1684222354, 2443
1684222408, 2444
1684222420, 2445
1684222423, 2446
1684222492, 2449
1684222508, 2449
1684222512, 2449
1684222516, 2449
1684222553, 2449
1684222581, 2449
1684222647, 2449
1684222649, 2449
1684222722, 2450
1684222792, 2452
1684222809, 2452
1684222842, 2453
1684222846, 2453
1684222849, 2453
1684222883, 2453
1684222896, 2453
1684222897, 2453
1684222897, 2453
1684222919, 2453
1684223168, 2458
1684223173, 2458
1684223175, 2458
1684223195, 2458
1684223195, 2458
1684223221, 2458
1684223313, 2461
1684223317, 2461
1684223334, 2461
1684223349, 2461
1684223373, 2461
1684223469, 2461
1684223541, 2461
1684223582, 2461
1684223692, 2461
1684223693, 2461
1684223693, 2461
1684223693, 2461
1684223693, 2461
1684223708, 2461
1684223731, 2461
1684223741, 2461
1684223745, 2461
1684223906, 2461
1684223908, 2461
1684223940, 2461
1684224050, 2461
1684224084, 2462
1684224094, 2463
1684224123, 2463
1684224124, 2463
1684224161, 2463
1684224246, 2463
1684224364, 2463
1684224424, 2463
1684224467, 2463
1684224468, 2463
1684224500, 2463
1684224516, 2464
1684224516, 2464
1684224518, 2464
1684224518, 2464
1684224519, 2464
1684224613, 2464
1684224649, 2464
1684224664, 2464
1684224676, 2464
1684224685, 2464
1684224686, 2464
1684224686, 2464
1684224686, 2464
1684224695, 2464
1684224707, 2464
1684224724, 2464
1684224776, 2464
1684224776, 2464
1684224776, 2464
1684224776, 2464
1684224777, 2464
1684224777, 2464
1684224781, 2464
1684224784, 2464
1684224817, 2464
1684224827, 2464
1684224872, 2464
1684224903, 2464
1684225091, 2465
1684225129, 2465
1684225144, 2465
1684225159, 2465
1684225161, 2465
1684225170, 2465
1684225171, 2465
1684225172, 2465
1684225180, 2465
1684225181, 2465
1684225182, 2465
1684225183, 2465
1684225185, 2465
1684225188, 2465
1684225212, 2465
1684225229, 2466
1684225237, 2466
1684225242, 2466
1684225278, 2471
1684225301, 2471
1684225308, 2471
1684225324, 2471
1684225334, 2471
1684225334, 2475
1684225337, 2475
1684225339, 2475
1684225340, 2476
1684225361, 2478
1684225370, 2478
1684225377, 2478
1684225389, 2478
1684225415, 2478
1684225456, 2478
1684225484, 2478
1684225497, 2478
1684225497, 2478
1684225501, 2478
1684225502, 2478
1684225505, 2478
1684225545, 2478
1684225548, 2478
1684225566, 2478
1684225604, 2478
1684225616, 2478
1684225642, 2478
1684225657, 2478
1684225661, 2478
1684225663, 2478
1684225684, 2478
1684225685, 2478
1684225686, 2478
1684225692, 2478
1684225693, 2482
1684225694, 2482
1684225696, 2482
1684225708, 2482
1684225737, 2482
1684225739, 2482
1684225740, 2482
1684225758, 2482
1684225760, 2482
1684225779, 2483
1684225780, 2483
1684225780, 2483
1684225792, 2483
1684225849, 2484
1684225864, 2484
1684225870, 2484
1684225870, 2484
1684225903, 2484
1684225904, 2484
1684225905, 2484
1684225906, 2484
1684225907, 2484
1684225910, 2484
1684225917, 2484
1684225929, 2485
1684225930, 2485
1684225935, 2485
1684225978, 2485
1684225978, 2485
1684225978, 2485
1684225978, 2485
1684225979, 2485
1684225979, 2485
1684225979, 2485
1684225979, 2485
1684225979, 2485
1684225979, 2485
1684225979, 2485
1684225979, 2485
1684225979, 2485
1684225980, 2485
1684225980, 2485
1684225980, 2485
1684225980, 2485
1684225981, 2485
1684225983, 2485
1684225984, 2485
1684225984, 2485
1684225992, 2485
1684226006, 2488
1684226010, 2488
1684226018, 2488
1684226045, 2488
1684226052, 2488
1684226084, 2488
1684226085, 2488
1684226220, 2488
1684226272, 2489
1684226277, 2489
1684226327, 2489
1684226331, 2491
1684226341, 2492
1684226343, 2492
1684226366, 2492
1684226393, 2492
1684226402, 2492
1684226416, 2492
1684226424, 2493
1684226426, 2493
1684226427, 2493
1684226427, 2493
1684226472, 2495
1684226493, 2495
1684226493, 2495
1684226506, 2495
1684226522, 2495
1684226525, 2495
1684226529, 2495
1684226529, 2495
1684226564, 2495
1684226572, 2495
1684226579, 2495
1684226672, 2495
1684226700, 2495
1684226706, 2495
1684226711, 2495
1684226712, 2495
1684226736, 2496
1684226737, 2496
1684226788, 2497
1684226789, 2497
1684226801, 2497
1684226813, 2497
1684226857, 2497
1684226888, 2497
1684226909, 2497
1684226910, 2497
1684226912, 2497
1684226936, 2497
1684226962, 2497
1684226984, 2497
1684227005, 2497
1684227005, 2497
1684227018, 2497
1684227019, 2497
1684227019, 2497
1684227025, 2497
1684227025, 2497
1684227027, 2499
1684227055, 2499
1684227056, 2499
1684227097, 2499
1684227113, 2499
1684227206, 2499
1684227206, 2499
1684227235, 2500
1684227256, 2500
1684227262, 2500
1684227285, 2500
1684227289, 2500
1684227292, 2500
1684227334, 2500
1684227345, 2500
1684227367, 2500
1684227399, 2500
1684227399, 2500
1684227412, 2500
1684227464, 2500
1684227510, 2503
1684227533, 2503
1684227566, 2503
1684227725, 2503
1684227777, 2504
1684227784, 2506
1684227785, 2506
1684227854, 2506
1684227877, 2506
1684227896, 2506
1684227960, 2506
1684228054, 2507
1684228062, 2507
1684228075, 2507
1684228138, 2508
1684228161, 2508
1684228161, 2508
1684228161, 2508
1684228196, 2508
1684228263, 2508
1684228293, 2508
1684228358, 2508
1684228358, 2508
1684228371, 2508
1684228386, 2508
1684228412, 2508
1684228412, 2508
1684228436, 2508
1684228464, 2508
1684228514, 2508
1684228528, 2508
1684228587, 2508
1684228596, 2508
1684228597, 2508
1684228599, 2508
1684228610, 2508
1684228641, 2508
1684228711, 2508
1684228735, 2508
1684228755, 2508
1684228755, 2508
1684228773, 2508
1684228788, 2508
1684228800, 2508
1684228800, 2508
1684228813, 2508
1684228840, 2508
1684228877, 2508
1684228918, 2509
1684228918, 2509
1684228918, 2509
1684228919, 2509
1684228919, 2509
1684228931, 2509
1684228942, 2509
1684228985, 2509
1684229075, 2510
1684229081, 2510
1684229095, 2510
1684229098, 2510
1684229121, 2511
1684229137, 2511
1684229139, 2511
1684229195, 2511
1684229242, 2511
1684229301, 2511
1684229325, 2511
1684229327, 2511
1684229338, 2511
1684229387, 2511
1684229387, 2511
1684229387, 2511
1684229387, 2511
1684229387, 2511
1684229388, 2513
1684229504, 2515
1684229505, 2515
1684229519, 2515
1684229519, 2515
1684229521, 2515
1684229521, 2515
1684229523, 2515
1684229523, 2515
1684229525, 2515
1684229565, 2515
1684229566, 2515
1684229566, 2515
1684229566, 2515
1684229572, 2517
1684229601, 2519
1684229620, 2519
1684229641, 2519
1684229644, 2519
1684229767, 2519
1684229899, 2519
1684229980, 2519
1684229983, 2519
1684230042, 2519
1684230093, 2519
1684230124, 2519
1684230124, 2519
1684230124, 2519
1684230189, 2519
1684230308, 2519
1684230387, 2519
1684230397, 2519
1684230644, 2520
1684230744, 2520
1684230828, 2522
1684230829, 2522
1684230829, 2522
1684230909, 2522
1684230944, 2522
1684230975, 2522
1684230975, 2522
1684230975, 2522
1684231141, 2523
1684231147, 2523
1684231151, 2523
1684231154, 2523
1684231162, 2523
1684231183, 2523
1684231225, 2523
1684231259, 2523
1684231281, 2523
1684231281, 2523
1684231286, 2523
1684231338, 2523
1684231357, 2523
1684231569, 2524
1684231587, 2525
1684231606, 2526
1684231629, 2526
1684231653, 2526
1684231765, 2526
1684231779, 2526
1684231842, 2526
1684231867, 2526
1684231918, 2526
1684232025, 2526
1684232085, 2527
1684232085, 2527
1684232088, 2527
1684232148, 2527
1684232198, 2527
1684232264, 2527
1684232329, 2527
1684232413, 2527
1684232429, 2527
1684232479, 2527
1684232551, 2527
1684232642, 2528
1684232659, 2528
1684232665, 2561
1684232667, 2561
1684232669, 2561
1684232670, 2568
1684232670, 2568
1684232670, 2568
1684232670, 2568
1684232672, 2568
1684232672, 2568
1684232677, 2568
1684232680, 2568
1684232681, 2568
1684232689, 2568
1684232689, 2568
1684232689, 2568
1684232689, 2568
1684232689, 2568
1684232689, 2568
1684232689, 2568
1684232689, 2568
1684232690, 2568
1684232690, 2568
1684232690, 2568
1684232693, 2568
1684232694, 2568
1684232695, 2568
1684232696, 2568
1684232696, 2568
1684232696, 2568
1684232696, 2568
1684232696, 2568
1684232697, 2568
1684232700, 2568
1684232702, 2568
1684232702, 2568
1684232702, 2568
1684232704, 2568
1684232705, 2568
1684232707, 2568
1684232711, 2568
1684232711, 2568
1684232711, 2568
1684232712, 2591
1684232719, 2591
1684232722, 2591
1684232725, 2591
1684232736, 2645
1684232772, 2660
1684232786, 2664
1684232786, 2664
1684232787, 2664
1684232787, 2664
1684232822, 2664
1684232822, 2664
1684232823, 2664
1684232823, 2664
1684232824, 2664
1684232829, 2664
1684232829, 2664
1684232830, 2664
1684232831, 2664
1684232832, 2664
1684232832, 2664
1684232832, 2664
1684232833, 2664
1684232834, 2664
1684232834, 2664
1684232837, 2664
1684232839, 2664
1684232846, 2664
1684232850, 2664
1684232870, 2664
1684232870, 2664
1684232880, 2664
1684232881, 2665
1684232889, 2666
1684232893, 2666
1684232894, 2666
1684232894, 2666
1684232894, 2666
1684232895, 2666
1684232898, 2666
1684232899, 2666
1684232901, 2666
1684232901, 2666
1684232902, 2666
1684232918, 2666
1684232928, 2666
1684232929, 2668
1684232935, 2668
1684232939, 2668
1684232944, 2668
1684232951, 2668
1684232951, 2668
1684232954, 2668
1684232974, 2669
1684232983, 2669
1684232983, 2669
1684232983, 2669
1684232983, 2669
1684232983, 2669
1684232983, 2669
1684232983, 2669
1684232983, 2669
1684232984, 2669
1684232988, 2669
1684232989, 2669
1684232990, 2669
1684232993, 2669
1684232995, 2669
1684232995, 2669
1684232997, 2669
1684232998, 2669
1684233001, 2669
1684233001, 2669
1684233007, 2669
1684233009, 2669
1684233009, 2669
1684233020, 2669
1684233021, 2669
1684233021, 2669
1684233094, 2671
1684233094, 2671
1684233094, 2671
1684233094, 2671
1684233095, 2671
1684233095, 2671
1684233095, 2671
1684233096, 2671
1684233097, 2671
1684233098, 2671
1684233099, 2671
1684233099, 2671
1684233100, 2671
1684233107, 2671
1684233111, 2671
1684233134, 2671
1684233196, 2671
1684233235, 2672
1684233274, 2675
1684233304, 2675
1684233331, 2675
1684233332, 2675
1684233352, 2679
1684233356, 2679
1684233426, 2679
1684233426, 2679
1684233429, 2679
1684233430, 2679
1684233458, 2680
1684233553, 2683
1684233567, 2683
1684233590, 2683
1684233591, 2683
1684233605, 2683
1684233605, 2683
1684233605, 2683
1684233605, 2683
1684233617, 2683
1684233715, 2683
1684233735, 2683
1684233809, 2683
1684233819, 2683
1684233826, 2683
1684233848, 2683
1684233921, 2683
1684233929, 2683
1684233934, 2684
1684233947, 2684
1684233969, 2685
1684234013, 2685
1684234044, 2686
1684234083, 2686
1684234120, 2686
1684234126, 2686
1684234138, 2686
1684234171, 2688
1684234187, 2688
1684234188, 2688
1684234220, 2688
1684234224, 2688
1684234228, 2688
1684234258, 2688
1684234267, 2688
1684234279, 2688
1684234342, 2688
1684234342, 2688
1684234352, 2688
1684234353, 2688
1684234358, 2688
1684234367, 2688
1684234376, 2688
1684234380, 2688
1684234393, 2688
1684234394, 2688
1684234396, 2688
1684234420, 2688
1684234442, 2688
1684234442, 2688
1684234492, 2688
1684234517, 2688
1684234543, 2688
1684234543, 2688
1684234543, 2688
1684234556, 2689
1684234556, 2689
1684234582, 2689
1684234603, 2690
1684234669, 2692
1684234670, 2692
1684234775, 2692
1684234780, 2692
1684234839, 2703
1684234842, 2704
1684234869, 2705
1684234876, 2705
1684234880, 2705
1684234898, 2708
1684234944, 2708
1684234972, 2708
1684234979, 2708
1684234980, 2708
1684234982, 2708
1684234982, 2708
1684234983, 2708
1684235012, 2709
1684235013, 2709
1684235049, 2709
1684235096, 2709
1684235206, 2709
1684235210, 2710
1684235243, 2710
1684235243, 2710
1684235300, 2710
1684235322, 2710
1684235331, 2710
1684235377, 2710
1684235393, 2710
1684235394, 2710
1684235486, 2710
1684235510, 2710
1684235589, 2711
1684235640, 2711
1684235691, 2711
1684235697, 2711
1684235773, 2711
1684235814, 2711
1684235908, 2711
1684235930, 2711
1684235930, 2711
1684235930, 2711
1684235950, 2711
1684235993, 2711
1684236029, 2711
1684236068, 2711
1684236075, 2711
1684236129, 2711
1684236146, 2711
1684236193, 2711
1684236205, 2711
1684236270, 2711
1684236330, 2712
1684236336, 2712
1684236342, 2712
1684236365, 2712
1684236413, 2712
1684236430, 2712
1684236600, 2713
1684236636, 2713
1684236637, 2717
1684236638, 2717
1684236638, 2717
1684236639, 2717
1684236639, 2717
1684236640, 2717
1684236641, 2717
1684236666, 2717
1684236666, 2717
1684236666, 2721
1684236669, 2721
1684236672, 2721
1684236677, 2721
1684236690, 2721
1684236716, 2721
1684236778, 2721
1684236806, 2721
1684236976, 2723
1684237017, 2723
1684237041, 2723
1684237084, 2723
1684237159, 2723
1684237170, 2723
1684237177, 2723
1684237203, 2723
1684237288, 2723
1684237290, 2723
1684237294, 2723
1684237294, 2723
1684237295, 2723
1684237297, 2723
1684237299, 2723
1684237320, 2723
1684237321, 2723
1684237321, 2723
1684237322, 2723
1684237329, 2723
1684237442, 2723
1684237491, 2723
1684237504, 2723
1684237518, 2723
1684237519, 2723
1684237594, 2723
1684237654, 2723
1684237700, 2723
1684237705, 2723
1684237726, 2723
1684237831, 2723
1684237871, 2723
1684237874, 2723
1684237886, 2723
1684237930, 2723
1684237932, 2723
1684237965, 2723
1684237974, 2723
1684237974, 2723
1684238025, 2723
1684238075, 2723
1684238076, 2723
1684238148, 2723
1684238149, 2723
1684238171, 2723
1684238203, 2723
1684238204, 2723
1684238205, 2723
1684238217, 2723
1684238217, 2723
1684238217, 2723
1684238217, 2723
1684238229, 2724
1684238248, 2724
1684238250, 2724
1684238269, 2724
1684238313, 2724
1684238336, 2724
1684238363, 2724
1684238363, 2724
1684238447, 2724
1684238574, 2724
1684238626, 2724
1684238661, 2724
1684238858, 2724
1684238895, 2724
1684238895, 2724
1684238926, 2724
1684238926, 2724
1684238940, 2724
1684238994, 2724
1684238997, 2724
1684239016, 2724
1684239083, 2724
1684239104, 2724
1684239142, 2724
1684239142, 2724
1684239145, 2724
1684239200, 2724
1684239223, 2724
1684239223, 2724
1684239249, 2724
1684239283, 2724
1684239431, 2726
1684239524, 2726
1684239524, 2726
1684239526, 2726
1684239623, 2726
1684239653, 2726
1684239731, 2727
1684239751, 2727
1684239777, 2727
1684239785, 2727
1684239831, 2727
1684239877, 2728
1684239877, 2728
1684239913, 2728
1684239930, 2728
1684240011, 2728
1684240060, 2728
1684240065, 2728
1684240065, 2728
1684240072, 2728
1684240074, 2728
1684240104, 2728
1684240115, 2728
1684240135, 2728
1684240152, 2728
1684240152, 2728
1684240152, 2728
1684240153, 2728
1684240153, 2728
1684240153, 2728
1684240179, 2728
1684240236, 2728
1684240264, 2728
1684240294, 2728
1684240341, 2729
1684240413, 2732
1684240538, 2732
1684240539, 2732
1684240553, 2732
1684240554, 2732
1684240561, 2732
1684240579, 2732
1684240612, 2732
1684240622, 2732
1684240705, 2733
1684240822, 2733
1684240877, 2733
1684240994, 2733
1684240996, 2733
1684241253, 2733
1684241253, 2733
1684241408, 2734
1684241410, 2737
1684241426, 2737
1684241437, 2737
1684241438, 2738
1684241442, 2739
1684241442, 2740
1684241453, 2740
1684241454, 2740
1684241511, 2740
1684241538, 2740
1684241542, 2740
1684241707, 2740
1684241766, 2740
1684241772, 2740
1684241819, 2740
1684241885, 2740
1684241890, 2740
1684242055, 2740
1684242208, 2741
1684242238, 2741
1684242245, 2741
1684242340, 2741
1684242421, 2741
1684242469, 2741
1684242494, 2741
1684242607, 2742
1684242623, 2742
1684242656, 2742
1684242864, 2742
1684243135, 2742
1684243165, 2742
1684243270, 2748
1684243313, 2749
1684243363, 2749
1684243388, 2749
1684243507, 2749
1684243690, 2749
1684243710, 2749
1684243760, 2749
1684243873, 2749
1684243942, 2749
1684244136, 2749
1684244225, 2749
1684244295, 2749
1684244295, 2749
1684244435, 2749
1684244485, 2749
1684244556, 2749
1684244710, 2749
1684244773, 2749
1684244776, 2749
1684244777, 2749
1684245045, 2749
1684245077, 2749
1684245149, 2749
1684245303, 2752
1684245336, 2752
1684245470, 2752
1684245601, 2752
1684245642, 2752
1684245956, 2752
1684246113, 2752
1684246247, 2752
1684246250, 2752
1684246304, 2752
1684246502, 2752
1684246532, 2752
1684246641, 2752
1684246641, 2752
1684246666, 2752
1684246709, 2752
1684246709, 2752
1684246744, 2752
1684246801, 2752
1684247041, 2752
1684247155, 2752
1684247200, 2752
1684247223, 2752
1684247285, 2752
1684247294, 2752
1684247295, 2752
1684247296, 2752
1684247297, 2752
1684247371, 2752
1684247497, 2752
1684247513, 2752
1684247514, 2752
1684247514, 2752
1684247545, 2752
1684247643, 2752
1684247735, 2752
1684247875, 2752
1684248003, 2752
1684248143, 2752
1684248154, 2752
1684248170, 2753
1684248170, 2753
1684248171, 2753
1684248174, 2753
1684248176, 2753
1684248184, 2753
1684248203, 2753
1684248205, 2755
1684248314, 2755
1684248766, 2755
1684248801, 2755
1684248830, 2755
1684248961, 2755
1684248966, 2755
1684248973, 2755
1684249003, 2755
1684249070, 2755
1684249104, 2755
1684249112, 2755
1684249112, 2755
1684249215, 2755
1684249279, 2755
1684249281, 2755
1684249281, 2755
1684249574, 2755
1684249584, 2755
1684249704, 2755
1684249718, 2755
1684249720, 2755
1684249739, 2755
1684249765, 2755
1684249766, 2755
1684249767, 2755
1684249780, 2755
1684249807, 2755
1684249906, 2755
1684249944, 2755
1684250065, 2755
1684250409, 2755
1684250409, 2755
1684250444, 2755
1684250564, 2755
1684250564, 2755
1684250589, 2755
1684250671, 2758
1684250690, 2758
1684250792, 2758
1684250792, 2758
1684250793, 2758
1684250793, 2758
1684250960, 2758
1684251187, 2762
1684251230, 2762
1684251244, 2762
1684251244, 2762
1684251244, 2762
1684251431, 2762
1684251509, 2762
1684251557, 2762
1684251628, 2762
1684251714, 2762
1684251829, 2762
1684251909, 2762
1684251973, 2762
1684251973, 2762
1684252173, 2762
1684252195, 2762
1684252319, 2762
1684252368, 2762
1684252477, 2762
1684252594, 2762
1684252823, 2762
1684253002, 2765
1684253132, 2765
1684253147, 2765
1684253268, 2765
1684253397, 2765
1684253493, 2765
1684253775, 2765
1684253778, 2765
1684253928, 2765
1684254473, 2765
1684254541, 2765
1684254544, 2765
1684254601, 2765
1684254621, 2765
1684254626, 2765
1684254900, 2765
1684255123, 2765
1684255133, 2765
1684255133, 2765
1684255133, 2765
1684255134, 2765
1684255134, 2765
1684255134, 2765
1684255135, 2765
1684255341, 2765
1684255520, 2765
1684255841, 2765
1684255995, 2765
1684256041, 2765
1684256107, 2765
1684256109, 2765
1684256131, 2765
1684256192, 2765
1684256389, 2765
1684256574, 2765
1684256639, 2765
1684256956, 2765
1684256971, 2765
1684256971, 2765
1684256976, 2765
1684256981, 2765
1684256983, 2765
1684257153, 2765
1684257398, 2766
1684257436, 2766
1684257569, 2766
1684257672, 2766
1684258056, 2766
1684258056, 2766
1684258140, 2766
1684258140, 2766
1684258141, 2766
1684258142, 2766
1684258265, 2766
1684258673, 2766
1684258674, 2766
1684258850, 2766
1684258979, 2766
1684259187, 2766
1684259253, 2766
1684259345, 2766
1684259445, 2767
1684259462, 2768
1684259511, 2768
1684259511, 2768
1684259703, 2768
1684259731, 2768
1684259741, 2768
1684259976, 2768
1684260407, 2768
1684260487, 2768
1684260496, 2768
1684260932, 2768
1684260949, 2768
1684261027, 2768
1684261095, 2768
1684261332, 2768
1684261355, 2768
1684261591, 2768
1684261801, 2769
1684262117, 2769
1684262118, 2769
1684262184, 2769
1684262194, 2769
1684262195, 2769
1684262197, 2769
1684262206, 2769
1684262212, 2769
1684262222, 2769
1684262224, 2769
1684262225, 2769
1684262340, 2769
1684262341, 2769
1684262494, 2769
1684262515, 2769
1684262789, 2769
1684263005, 2769
1684263005, 2769
1684263708, 2769
1684263708, 2769
1684263789, 2769
1684263938, 2769
1684263993, 2769
1684264124, 2770
1684264479, 2770
1684264543, 2770
1684264576, 2770
1684264988, 2770
1684265021, 2770
1684265115, 2770
1684265268, 2770
1684265364, 2770
1684265390, 2770
1684265462, 2770
1684265589, 2770
1684265620, 2770
1684265925, 2770
1684265927, 2770
1684266159, 2770
1684266223, 2770
1684266410, 2770
1684266427, 2770
1684267175, 2770
1684267522, 2770
1684267526, 2770
1684267644, 2770
1684267979, 2770
1684268260, 2770
1684268448, 2770
1684268608, 2770
1684269076, 2771
1684269217, 2771
1684269348, 2771
1684269372, 2771
1684269722, 2771
1684269788, 2771
1684269838, 2771
1684270108, 2771
1684270378, 2772
1684270393, 2772
1684270520, 2772
1684270533, 2772
1684270588, 2772
1684270628, 2772
1684270635, 2772
1684270640, 2772
1684270640, 2772
1684270641, 2772
1684270758, 2772
1684271202, 2772
1684271249, 2772
1684271376, 2772
1684271501, 2772
1684271545, 2772
1684271662, 2772
1684271734, 2772
1684272374, 2778
1684272440, 2778
1684272792, 2778
1684272938, 2778
1684273018, 2778
1684273074, 2778
1684273239, 2780
1684273367, 2780
1684273599, 2780
1684273935, 2780
1684274425, 2780
1684274511, 2780
1684274645, 2780
1684275064, 2780
1684275269, 2780
1684275272, 2780
1684275317, 2780
1684275370, 2780
1684275453, 2780
1684275918, 2780
1684275962, 2780
1684276124, 2780
1684276139, 2780
1684276334, 2780
1684276583, 2780
1684276682, 2780
1684276693, 2780
1684276776, 2780
1684276965, 2780
1684276965, 2780
1684276978, 2780
1684277047, 2780
1684277163, 2781
1684277433, 2781
1684277511, 2781
1684277703, 2781
1684277703, 2781
1684277760, 2781
1684277816, 2781
1684277915, 2781
1684278221, 2781
1684278657, 2781
1684278760, 2781
1684278904, 2781
1684279155, 2781
1684279332, 2781
1684279523, 2781
1684279617, 2781
1684279867, 2781
1684280490, 2781
1684280511, 2781
1684280790, 2781
1684280886, 2784
1684281144, 2784
1684281353, 2784
1684281938, 2784
1684282146, 2784
1684282657, 2784
1684282744, 2784
1684283438, 2786
1684283529, 2786
1684283550, 2786
1684283562, 2786
1684283565, 2786
1684283566, 2786
1684283619, 2786
1684283645, 2786
1684283645, 2786
1684283962, 2786
1684284587, 2787
1684284866, 2787
1684286123, 2787
1684286123, 2787
1684286123, 2787
1684286124, 2787
1684286124, 2787
1684286231, 2787
1684286383, 2787
1684286758, 2787
1684286878, 2787
1684286878, 2787
