success_count,fail_count
187, 561
367, 822
407, 896
437, 931
455, 995
718, 1470
718, 1470
718, 1470
718, 1470
718, 1470
718, 1470
718, 1470
718, 1470
842, 1901
866, 1982
975, 2503
1133, 3153
1377, 4600
1673, 5095
2120, 6201
2422, 7127
2422, 7127
2422, 7127
2422, 7127
2422, 7127
2422, 7127
2422, 7127
2422, 7127
2422, 7127
2422, 7127
2422, 7127
2422, 7127
2422, 7127
2422, 7127
2422, 7127
2422, 7127
2422, 7127
2422, 7127
2422, 7127
2422, 7127
2422, 7127
2422, 7127
2422, 7127
2422, 7127
2422, 7127
2422, 7127
2422, 7127
2422, 7127
2422, 7127
2422, 7127
2422, 7127
2422, 7127
2422, 7127
2422, 7127
2470, 7778
3227, 8103
3227, 8103
3227, 8103
3227, 8103
3227, 8103
3227, 8103
3227, 8103
3227, 8103
3227, 8103
3227, 8103
3227, 8103
3227, 8103
3227, 8103
3227, 8103
3271, 8220
3283, 8230
3283, 8230
3283, 8230
3283, 8230
3283, 8230
3283, 8230
3283, 8230
3283, 8230
3283, 8230
3283, 8230
3283, 8230
3283, 8230
3283, 8230
3363, 8351
3363, 8351
3412, 8408
3419, 8416
3459, 8633
3776, 10106
3979, 10883
4128, 11361
4367, 11633
4566, 12466
4591, 12494
4694, 13821
4935, 14748
5100, 15735
5388, 16594
5563, 17367
5566, 17505
5655, 17943
6118, 18678
6651, 19778
7154, 20835
7834, 22204
7939, 22399
7954, 22615
7954, 22615
8003, 22801
8011, 23127
8011, 23127
8011, 23127
8011, 23127
8011, 23127
8011, 23127
8022, 23235
8027, 23793
8103, 24166
8117, 24194
8118, 24350
8122, 24608
8125, 24746
8131, 24752
8133, 24880
8139, 25024
8185, 25313
8453, 25914
8677, 26922
9031, 27876
9157, 28477
9520, 29658
9690, 30133
9840, 31229
10036, 32685
10233, 33256
10847, 33682
10847, 33682
10847, 33682
10848, 33804
10853, 33930
10855, 34041
10869, 34189
11191, 34593
11379, 34962
11379, 34962
11379, 34962
11379, 34962
11379, 34962
11379, 34962
11379, 34962
11379, 34962
11379, 34962
11379, 34962
11379, 34962
11379, 34962
11379, 34962
11379, 34962
11379, 34962
11379, 34962
11379, 34962
11387, 35039
11525, 36346
11998, 37488
12561, 38546
12997, 39556
13682, 40174
13683, 40320
14452, 41055
14958, 42009
15275, 43405
15964, 44257
16264, 45387
16361, 46667
16688, 47726
16833, 48639
16921, 49345
17011, 50499
17013, 50657
17019, 50800
17019, 50800
17019, 50800
17019, 50800
17019, 50800
17019, 50800
17019, 50800
17019, 50800
17019, 50800
17019, 50800
17019, 50800
17019, 50800
17019, 50800
17024, 50899
17024, 50899
17024, 50899
17024, 50899
17024, 50899
17024, 50899
17024, 50899
17024, 50899
17024, 50899
17024, 50899
17024, 50899
17024, 50899
17024, 50899
17024, 50899
17024, 50899
17024, 50899
17024, 50899
17024, 50899
17025, 51016
17073, 51246
17829, 51636
17897, 51906
18233, 52998
18390, 53415
18913, 54753
19543, 55974
19618, 56348
19618, 56348
19618, 56348
19618, 56348
19618, 56348
19618, 56348
19618, 56348
19618, 56348
19618, 56348
19618, 56348
19618, 56348
19618, 56348
19618, 56348
19618, 56348
19618, 56348
19618, 56348
19705, 57265
20465, 57885
20527, 58157
20527, 58157
20527, 58157
20527, 58157
20546, 58254
20789, 59341
20983, 60195
21204, 61139
21448, 61657
21703, 62045
21857, 63462
22143, 64420
22634, 65622
23134, 66593
24330, 67103
24754, 67898
24754, 68065
24990, 68906
26157, 69577
26467, 70297
26893, 71382
27076, 72070
27381, 72547
27801, 73890
27885, 74503
27888, 74675
27888, 74675
27888, 74675
27888, 74675
27888, 74675
27888, 74675
27888, 74675
27888, 74675
27888, 74675
27888, 74675
27888, 74675
27888, 74675
27888, 74675
27888, 74675
27888, 74675
27888, 74675
27888, 74675
27888, 74675
27888, 74675
28032, 74775
28132, 75360
28187, 75988
28679, 76531
28797, 76820
28802, 77139
28807, 77145
28807, 77145
28807, 77145
28814, 77277
28819, 77413
28824, 77563
28824, 77563
28824, 77563
29453, 78243
29937, 78897
30168, 79022
30298, 79522
30657, 80797
30817, 81917
31122, 83103
31530, 83860
31699, 84939
32515, 85781
32794, 86750
33068, 86979
33171, 87073
33309, 87089
33309, 87089
33309, 87089
33362, 87143
33362, 87143
34004, 87718
34228, 87928
34231, 88060
34232, 88201
34234, 88340
34394, 88912
34943, 89106
34949, 89483
35147, 89830
35359, 90095
35359, 90095
35359, 90095
35359, 90095
35359, 90095
35359, 90095
35359, 90095
35359, 90095
35359, 90095
35359, 90095
35359, 90095
35359, 90095
35359, 90095
35359, 90095
35359, 90095
35359, 90095
35359, 90095
35359, 90095
35359, 90095
35368, 90178
35527, 91270
36088, 92457
36424, 93209
36844, 94340
37110, 95057
37926, 95825
38483, 96171
39141, 97091
39644, 98301
40952, 98908
41428, 99968
41681, 101242
42219, 102360
42319, 103961
42514, 104930
43094, 105811
43417, 106589
43877, 107394
44296, 108393
44390, 109518
44392, 109666
44392, 109666
44392, 109666
44392, 109666
44392, 109666
44392, 109666
44392, 109666
44872, 110231
45425, 111040
45611, 112000
45611, 112000
45611, 112000
45611, 112000
45611, 112000
45611, 112000
45611, 112000
45611, 112000
45611, 112000
45611, 112000
45611, 112000
45611, 112000
45611, 112000
45783, 112550
46349, 113189
47064, 114130
47551, 114978
47870, 115937
48316, 116656
48316, 116656
48577, 116712
48887, 117200
48930, 117326
48930, 117326
48930, 117326
48953, 117442
48953, 117442
48985, 118385
49203, 118813
49612, 119619
49940, 120302
50412, 121266
50761, 121380
50993, 122040
51157, 123628
51248, 124468
51712, 125068
51787, 125663
52168, 126815
53025, 127291
53912, 128004
54577, 129194
54990, 129626
56013, 130353
56834, 131020
57257, 132047
57601, 132749
58217, 133726
58819, 134964
58950, 135982
58950, 135982
58950, 135982
58950, 135982
58950, 135982
58950, 135982
58950, 135982
58950, 135982
58950, 135982
58950, 135982
58950, 135982
58950, 135982
58950, 135982
58950, 135982
58950, 135982
58950, 135982
58950, 135982
