mtime,edges
1684129954, 668
1684129954, 691
1684129954, 704
1684129954, 727
1684129954, 759
1684129954, 760
1684129954, 762
1684129954, 971
1684129954, 978
1684129954, 978
1684129954, 1083
1684129954, 1083
1684129954, 1134
1684129955, 1186
1684129955, 1191
1684129955, 1195
1684129955, 1196
1684129955, 1196
1684129955, 1206
1684129955, 1207
1684129957, 1222
1684129958, 1239
1684129958, 1242
1684129960, 1276
1684129960, 1277
1684129961, 1350
1684129962, 1357
1684129962, 1365
1684129962, 1367
1684129962, 1385
1684129966, 1460
1684129966, 1463
1684129966, 1464
1684129966, 1465
1684129966, 1466
1684129966, 1529
1684129967, 1536
1684129967, 1557
1684129968, 1587
1684129968, 1597
1684129969, 1599
1684129969, 1609
1684129969, 1660
1684129970, 1662
1684129978, 1669
1684129978, 1677
1684129978, 1690
1684129978, 1705
1684129980, 1717
1684129981, 1735
1684129986, 1746
1684129986, 1748
1684129986, 1750
1684129986, 1750
1684129987, 1751
1684129987, 1773
1684129988, 1777
1684129988, 1777
1684129988, 1782
1684129988, 1783
1684129988, 1790
1684129989, 1791
1684129989, 1795
1684129989, 1812
1684129989, 1813
1684129990, 1817
1684129990, 1818
1684129993, 1864
1684129997, 1872
1684129997, 1881
1684129997, 1882
1684130004, 1894
1684130004, 1897
1684130004, 1898
1684130004, 1898
1684130004, 1907
1684130005, 1916
1684130005, 1919
1684130005, 1919
1684130005, 1919
1684130005, 1919
1684130005, 1919
1684130005, 1919
1684130005, 1922
1684130006, 1926
1684130006, 1934
1684130006, 1935
1684130007, 1938
1684130007, 1938
1684130007, 1939
1684130007, 1939
1684130007, 1946
1684130007, 1946
1684130007, 1948
1684130013, 2000
1684130013, 2002
1684130013, 2002
1684130016, 2007
1684130016, 2008
1684130016, 2017
1684130016, 2017
1684130016, 2017
1684130017, 2022
1684130017, 2030
1684130017, 2035
1684130017, 2035
1684130017, 2035
1684130018, 2041
1684130018, 2044
1684130018, 2045
1684130018, 2045
1684130018, 2045
1684130018, 2045
1684130018, 2045
1684130018, 2045
1684130019, 2046
1684130019, 2051
1684130020, 2052
1684130020, 2065
1684130021, 2069
1684130021, 2073
1684130022, 2078
1684130026, 2089
1684130028, 2092
1684130029, 2095
1684130029, 2095
1684130029, 2097
1684130029, 2101
1684130029, 2102
1684130029, 2102
1684130030, 2107
1684130030, 2111
1684130030, 2113
1684130030, 2114
1684130030, 2115
1684130030, 2115
1684130031, 2117
1684130031, 2117
1684130033, 2120
1684130034, 2122
1684130035, 2125
1684130036, 2131
1684130036, 2133
1684130037, 2136
1684130037, 2138
1684130069, 2152
1684130069, 2156
1684130069, 2158
1684130069, 2159
1684130070, 2160
1684130070, 2161
1684130070, 2162
1684130070, 2163
1684130070, 2163
1684130070, 2164
1684130070, 2165
1684130071, 2165
1684130071, 2165
1684130071, 2165
1684130071, 2166
1684130071, 2166
1684130071, 2166
1684130072, 2169
1684130072, 2169
1684130072, 2169
1684130072, 2176
1684130072, 2176
1684130072, 2176
1684130073, 2182
1684130073, 2183
1684130073, 2184
1684130073, 2184
1684130082, 2191
1684130125, 2195
1684130127, 2197
1684130128, 2199
1684130133, 2203
1684130154, 2219
1684130158, 2221
1684130161, 2222
1684130165, 2228
1684130165, 2230
1684130165, 2230
1684130169, 2235
1684130169, 2236
1684130197, 2238
1684130197, 2239
1684130199, 2242
1684130199, 2242
1684130231, 2247
1684130231, 2252
1684130231, 2257
1684130235, 2267
1684130235, 2268
1684130236, 2269
1684130236, 2270
1684130236, 2270
1684130241, 2271
1684130241, 2272
1684130241, 2273
1684130246, 2277
1684130251, 2278
1684130251, 2278
1684130251, 2279
1684130251, 2280
1684130252, 2280
1684130252, 2280
1684130252, 2282
1684130252, 2283
1684130252, 2286
1684130252, 2288
1684130252, 2288
1684130252, 2288
1684130252, 2288
1684130253, 2291
1684130258, 2292
1684130258, 2292
1684130260, 2293
1684130260, 2295
1684130260, 2295
1684130261, 2296
1684130261, 2299
1684130261, 2304
1684130261, 2305
1684130303, 2309
1684130305, 2312
1684130305, 2312
1684130310, 2315
1684130310, 2316
1684130310, 2316
1684130310, 2316
1684130310, 2317
1684130311, 2318
1684130311, 2319
1684130311, 2319
1684130311, 2319
1684130311, 2321
1684130312, 2321
1684130312, 2323
1684130312, 2325
1684130312, 2325
1684130322, 2328
1684130322, 2331
1684130322, 2331
1684130322, 2333
1684130324, 2335
1684130325, 2337
1684130326, 2338
1684130326, 2338
1684130329, 2340
1684130348, 2342
1684130348, 2342
1684130350, 2349
1684130350, 2356
1684130350, 2356
1684130353, 2357
1684130353, 2358
1684130354, 2359
1684130354, 2360
1684130355, 2361
1684130355, 2362
1684130355, 2362
1684130355, 2362
1684130357, 2362
1684130359, 2363
1684130359, 2363
1684130368, 2366
1684130368, 2367
1684130369, 2367
1684130370, 2368
1684130371, 2369
1684130371, 2369
1684130371, 2371
1684130372, 2371
1684130375, 2382
1684130375, 2383
1684130375, 2383
1684130377, 2385
1684130377, 2386
1684130377, 2386
1684130377, 2386
1684130378, 2387
1684130379, 2387
1684130380, 2388
1684130380, 2388
1684130380, 2390
1684130381, 2393
1684130383, 2395
1684130385, 2397
1684130386, 2397
1684130388, 2400
1684130389, 2401
1684130389, 2402
1684130389, 2402
1684130398, 2404
1684130398, 2404
1684130400, 2406
1684130400, 2406
1684130405, 2407
1684130409, 2408
1684130410, 2409
1684130410, 2409
1684130425, 2410
1684130427, 2412
1684130427, 2412
1684130428, 2414
1684130428, 2414
1684130428, 2416
1684130428, 2419
1684130428, 2419
1684130434, 2424
1684130435, 2425
1684130435, 2426
1684130436, 2428
1684130436, 2428
1684130436, 2428
1684130444, 2430
1684130451, 2430
1684130456, 2434
1684130456, 2435
1684130461, 2440
1684130461, 2440
1684130471, 2441
1684130506, 2442
1684130507, 2446
1684130510, 2449
1684130525, 2450
1684130525, 2451
1684130531, 2454
1684130536, 2455
1684130536, 2457
1684130536, 2457
1684130536, 2458
1684130536, 2458
1684130536, 2458
1684130545, 2459
1684130553, 2460
1684130554, 2462
1684130554, 2462
1684130554, 2462
1684130554, 2463
1684130554, 2463
1684130554, 2463
1684130555, 2464
1684130555, 2464
1684130561, 2465
1684130561, 2466
1684130561, 2466
1684130562, 2466
1684130562, 2466
1684130564, 2479
1684130565, 2480
1684130566, 2480
1684130570, 2481
1684130578, 2482
1684130588, 2485
1684130592, 2489
1684130592, 2489
1684130600, 2490
1684130600, 2491
1684130600, 2491
1684130601, 2492
1684130601, 2492
1684130602, 2493
1684130602, 2494
1684130602, 2494
1684130602, 2494
1684130611, 2496
1684130611, 2496
1684130613, 2498
1684130613, 2498
1684130627, 2498
1684130628, 2498
1684130630, 2499
1684130630, 2500
1684130630, 2500
1684130635, 2501
1684130639, 2503
1684130640, 2503
1684130663, 2507
1684130683, 2510
1684130683, 2510
1684130684, 2511
1684130691, 2513
1684130691, 2513
1684130692, 2513
1684130710, 2514
1684130710, 2514
1684130716, 2515
1684130717, 2516
1684130725, 2521
1684130725, 2521
1684130726, 2522
1684130727, 2522
1684130756, 2523
1684130766, 2524
1684130767, 2526
1684130767, 2526
1684130767, 2526
1684130775, 2526
1684130775, 2526
1684130781, 2527
1684130781, 2527
1684130790, 2527
1684130831, 2530
1684130832, 2531
1684130832, 2531
1684130867, 2532
1684130867, 2532
1684130869, 2533
1684130869, 2533
1684130870, 2534
1684130870, 2534
1684130882, 2535
1684130883, 2536
1684130883, 2536
1684130919, 2537
1684130939, 2538
1684131047, 2541
1684131076, 2542
1684131170, 2546
1684131170, 2546
1684131191, 2550
1684131245, 2550
1684131265, 2552
1684131337, 2553
1684131338, 2553
1684131440, 2568
1684131499, 2570
1684131499, 2570
1684131514, 2572
1684131514, 2574
1684131534, 2574
1684131535, 2576
1684131535, 2578
1684131535, 2579
1684131535, 2579
1684131535, 2579
1684131535, 2582
1684131535, 2582
1684131535, 2582
1684131628, 2589
1684131628, 2592
1684131628, 2592
1684131628, 2592
1684131628, 2595
1684131683, 2596
1684131683, 2596
1684131745, 2600
1684131746, 2603
1684131746, 2606
1684131746, 2607
1684131746, 2607
1684131824, 2610
1684131825, 2610
1684131849, 2613
1684131849, 2613
1684131870, 2623
1684131908, 2623
1684131928, 2623
1684131928, 2623
1684131936, 2625
1684131936, 2625
1684132056, 2631
1684132056, 2633
1684132064, 2639
1684132065, 2639
1684132136, 2654
1684132196, 2658
1684132267, 2662
1684132268, 2662
1684132349, 2665
1684132350, 2665
1684132392, 2668
1684132551, 2674
1684132626, 2674
1684132626, 2674
1684132626, 2674
1684132626, 2674
1684132692, 2674
1684132692, 2674
1684132692, 2674
1684132693, 2674
1684132937, 2691
1684132937, 2691
1684132938, 2691
1684133088, 2691
1684133324, 2691
1684133324, 2691
1684133360, 2691
1684133362, 2691
1684133522, 2692
1684134359, 2693
1684134359, 2694
1684134360, 2694
1684134433, 2694
1684134433, 2694
1684134508, 2694
1684134805, 2694
1684135264, 2724
1684135697, 2731
1684135697, 2733
1684135827, 2734
1684135828, 2734
1684136202, 2734
1684137230, 2736
1684138334, 2740
1684140263, 2741
1684140596, 2742
1684140740, 2744
1684140859, 2747
1684140864, 2748
1684140864, 2748
1684140867, 2748
1684142057, 2753
1684143271, 2755
1684143704, 2760
1684146109, 2760
1684147139, 2761
1684147500, 2763
1684147917, 2764
1684148950, 2764
1684149655, 2764
1684149656, 2765
1684149931, 2765
1684150002, 2767
1684150282, 2767
1684160125, 2768
1684171534, 2768